0.0
65.83
126.66
190.0
253.33
316.66
381.66
447.50
511.66
575.83
640.0
345.0
30.0
95.0
158.33
223.33
286.66
350.83
415.83
477.50
540.83
673.33
7.50
64.16
129.16
193.33
258.33
321.66
386.66
450.83
515.83
579.16
643.33
356.66
29.16
93.33
160.0
221.66
288.33
352.50
416.66
480.0
544.16
675.0
29.16
62.50
126.66
190.83
255.0
320.83
383.33
448.33
512.50
576.66
640.83
378.33
26.66
90.83
156.66
220.0
284.16
350.0
413.33
479.16
608.33
674.16
42.50
60.83
125.0
190.0
254.16
320.0
383.33
447.50
511.66
575.83
640.0
391.66
25.0
90.0
155.83
219.16
284.16
348.33
413.33
477.50
609.16
673.33
55.0
59.16
124.16
187.50
253.33
316.66
382.50
