0.0
70.0
134.16
200.83
267.50
334.16
400.83
468.33
533.33
600.83
666.66
369.16
30.83
97.50
163.33
231.66
298.33
365.0
431.66
497.50
564.16
700.0
22.50
65.0
131.66
197.50
266.66
330.83
398.33
465.0
530.83
598.33
664.16
383.33
28.33
95.0
161.66
228.33
295.83
362.50
428.33
495.0
630.83
698.33
48.33
62.50
130.0
196.66
263.33
330.83
395.0
461.66
530.0
595.83
663.33
399.16
27.50
94.16
160.0
226.66
292.50
360.0
427.50
493.33
630.83
696.66
63.33
60.0
127.50
194.16
260.83
328.33
392.50
460.0
526.66
593.33
660.0
425.0
25.0
91.66
158.33
225.0
292.50
359.16
425.0
560.83
629.16
695.83
70.0
60.0
126.66
193.33

