0.0
7.50
15.0
22.50
31.66
40.0
47.50
55.0
63.33
70.0
77.50
42.50
3.33
10.83
19.16
26.66
34.16
42.50
51.66
59.16
66.66
83.33
3.33
7.50
15.83
24.16
31.66
39.16
47.50
54.16
62.50
69.16
76.66
45.83
3.33
10.83
19.16
26.66
34.16
47.50
55.83
64.16
81.66
89.16
6.66
7.50
16.66
25.0
33.33
43.33
51.66
60.0
68.33
76.66
84.16
53.33
3.33
11.66
20.0
29.16
37.50
45.83
54.16
70.83
79.16
86.66
10.83
7.50
15.83
24.16
32.50
40.83
49.16
57.50
65.83
73.33
81.66
55.0
2.50
10.83
19.16
27.50
35.83
44.16
60.83
69.16
76.66
85.0
15.0
6.66
15.0
