0.0
47.50
91.66
135.83
180.83
225.0
270.83
315.0
360.83
405.83
450.0
240.83
20.83
65.83
111.66
155.83
201.66
246.66
291.66
336.66
380.83
472.50
13.33
44.16
90.0
135.0
179.16
224.16
270.0
314.16
359.16
403.33
448.33
253.33
20.0
65.0
110.0
154.16
200.0
244.16
289.16
333.33
378.33
470.83
21.66
43.33
89.16
133.33
178.33
223.33
267.50
312.50
357.50
402.50
446.66
261.66
19.16
64.16
108.33
154.16
199.16
245.0
289.16
334.16
425.0
470.83
30.0
42.50
88.33
132.50
177.50
222.50
267.50
312.50
356.66
401.66
445.83
270.0
18.33
62.50
107.50
151.66
197.50
241.66
287.50
377.50
423.33
468.33
45.0
40.83
85.83
130.83
175.83
220.0
266.66
310.0
355.0
399.16
443.33
288.33
16.66
61.66
105.83
150.83
195.83
240.0
284.16
375.83
420.83
465.83

